219,170,122
219,170,122
210,173,138
210,173,138
209,175,144
210,177,145
209,179,151
209,179,151
214,187,162
214,187,162
214,191,170
209,187,168
197,158,145
198,158,144
188,144,136
192,150,136
196,156,137
200,164,139
201,164,136
199,161,130
194,152,117
191,149,115
188,147,113
192,151,116
190,149,115
188,147,114
185,146,114
184,145,113
183,144,112
175,137,108
174,136,108
173,135,107
181,142,111
181,141,111
181,141,111
179,140,111
179,140,110
179,140,110
172,135,107
172,134,107
172,134,107
181,141,111
181,141,111
181,141,111
179,141,111
179,140,110
179,140,110
172,135,107
172,135,107
172,135,107
181,141,110
181,141,110
181,141,110
179,141,111
179,141,111
179,141,111
173,135,107
172,135,107
172,135,107
181,141,111
181,141,111
181,141,111
179,141,111
179,141,111
179,141,111
173,135,107
172,135,107
172,135,107
181,142,111
181,142,111
181,142,111
179,141,111
179,141,111
179,141,111
173,135,107
172,135,107
172,135,107
181,141,110
148,178,155
138,168,149
139,170,154
132,160,154
130,160,157
126,152,148
124,152,150
123,132,129
124,134,133
126,118,120
126,118,123
135,114,114
134,114,115
146,99,105
146,99,106
174,102,95
172,101,95
168,107,103
167,105,103
158,114,117
157,115,118
163,121,120
164,122,122
156,120,113
156,120,113
154,132,115
155,133,116
192,153,124
192,153,125
189,151,123
189,151,123
196,156,127
196,156,127
192,154,125
192,154,125
190,152,123
190,152,123
196,156,127
196,156,127
192,153,125
192,153,125
190,150,122
191,150,122
194,151,123
194,150,123
192,150,122
192,150,122
191,149,121
196,153,126
195,152,126
195,154,129
195,155,129
196,158,136
198,160,138
181,151,142
181,152,144
182,154,146
182,155,147
183,156,148
183,156,148
183,157,149
182,155,147
182,155,147
183,156,149
183,156,149
183,157,148
184,157,149
182,155,147
182,155,147
134,114,114
145,98,105
148,101,107
171,98,93
171,100,94
167,105,103
166,104,103
156,113,116
156,114,116
164,121,119
161,120,119
157,121,113
155,119,112
154,133,116
154,132,115
177,145,119
162,144,145
162,144,145
163,143,144
166,139,136
166,139,136
185,174,176
207,205,209
207,205,209
204,201,205
202,198,202
197,192,196
151,125,60
153,120,62
153,120,62
156,123,73
156,124,75
158,126,75
160,127,75
163,129,74
161,127,71
168,132,74
169,132,76
169,132,76
178,137,78
177,137,78
169,135,76
169,135,76
145,122,82
133,113,93
191,181,178
193,180,173
194,178,170
194,179,170
194,177,167
194,177,167
124,89,69
131,93,68
131,94,68
130,101,64
130,101,63
131,110,83
131,110,83
130,108,80
124,113,83
124,115,84
123,115,85
124,113,83
124,110,82
123,108,81
124,108,81
125,98,83
125,96,85
136,76,78
137,76,80
144,80,67
138,74,58
125,60,50
125,70,55
129,76,59
131,78,61
125,73,62
121,69,64
121,69,64
137,102,87
219,214,216
219,214,216
195,195,195
133,84,75
151,102,83
148,100,78
148,103,77
151,104,78
146,101,67
141,91,61
153,112,68
163,132,75
162,133,75
166,140,79
153,128,74
154,125,74
154,124,75
153,123,98
145,126,94
144,125,94
146,128,90
147,128,89
143,127,89
140,126,90
150,141,113
153,141,111
162,181,197
226,232,238
170,122,123
170,121,125
82,93,87
84,86,84
84,87,84
82,79,78
82,78,78
106,96,99
106,95,100
132,112,119
132,111,119
134,112,118
134,112,119
21,2,6
28,3,9
27,3,8
27,3,9
23,3,9
19,3,8
15,3,7
10,2,6
159,157,153
153,157,153
159,154,152
164,159,157
164,152,152
166,149,150
165,147,147
158,144,144
162,149,151
160,146,146
162,149,149
165,148,150
165,149,150
162,151,150
156,150,147
161,164,168
184,176,173
179,173,177
173,162,157
164,161,158
169,162,156
150,144,137
147,145,137
141,136,125
134,130,121
157,128,123
157,128,123
191,174,178
191,174,178
191,174,178
191,175,178
203,191,193
199,189,190
200,189,190
200,189,191
196,186,189
197,186,189
197,186,189
197,186,189
192,182,189
192,183,189
192,183,189
192,183,189
177,167,178
177,168,178
177,168,178
177,168,178
176,162,171
175,162,171
175,162,171
175,161,171
171,154,163
171,154,163
171,154,163
167,151,163
166,149,162
166,149,162
166,149,162
165,149,162
133,115,83
133,115,83
130,114,81
130,115,81
130,113,81
132,114,82
132,114,82
132,114,82
133,112,83
133,113,83
133,113,83
129,112,80
128,110,79
128,110,79
131,112,81
132,112,82
132,111,81
133,111,82
133,111,82
133,111,82
128,109,79
128,109,79
128,109,79
132,112,81
131,111,81
131,111,81
133,110,82
133,110,82
132,110,82
127,109,79
127,109,79
127,109,79
129,110,81
125,109,81
125,109,81
128,108,83
128,108,83
121,97,76
119,96,75
119,96,75
120,94,75
120,94,75
121,96,75
121,96,76
120,96,75
120,96,75
120,94,75
120,94,75
122,96,76
121,96,76
120,95,74
120,95,75
120,93,75
120,93,75
122,95,75
121,95,76
120,94,74
120,94,75
121,93,74
121,93,75
122,94,75
122,94,75
119,92,72
119,92,72
119,90,71
130,102,80
133,103,81
130,133,99
124,140,106
127,148,111
134,148,111
133,148,111
135,154,113
134,154,113
129,151,110
147,130,120
154,137,128
130,113,105
135,118,111
142,128,122
121,104,97
115,99,93
115,100,94
116,101,97
111,96,91
109,94,92
109,94,92
109,94,93
109,94,93
107,93,93
107,93,93
92,96,76
92,96,76
64,115,68
64,115,68
63,116,67
63,116,67
63,117,67
63,117,67
63,117,67
63,117,67
63,117,67
63,117,67
63,117,67
63,117,67
63,117,67
63,117,67
63,117,67
63,117,67
66,119,69
79,129,83
86,135,89
90,134,89
86,129,83
97,135,91
97,135,91
101,137,94
101,137,94
66,106,80
71,100,82
83,103,96
87,105,90
80,100,81
86,106,77
79,105,75
91,115,78
118,136,102
144,156,127
156,165,134
176,176,151
178,182,155
151,163,136
172,170,153
113,132,110
119,134,114
92,114,95
90,108,96
91,107,99
84,106,92
75,103,86
70,103,82
61,103,77
58,101,69
55,99,67
53,100,67
63,98,65
84,112,74
107,125,92
144,140,106
146,140,106
112,106,73
94,88,54
86,82,61
88,90,71
94,100,86
88,96,76
103,123,102
92,124,95
100,129,99
103,132,100
92,122,92
78,113,83
75,110,77
69,109,74
63,106,71
63,108,70
65,103,72
69,107,81
69,103,81
74,97,83
83,103,95
82,104,95
79,103,85
79,101,80
81,106,77
77,102,71
87,114,74
111,136,101
145,158,126
156,163,133
179,182,156
157,167,140
162,166,145
168,165,149
122,137,117
121,132,116
99,115,101
114,100,98
111,98,96
112,100,99
113,102,100
86,96,78
86,96,78
48,102,67
48,102,67
48,103,66
48,103,66
49,104,67
50,104,67
50,104,67
51,104,67
51,104,67
52,105,67
52,105,67
52,105,67
53,105,67
53,105,67
55,105,68
81,124,91
87,127,95
173,176,160
169,172,156
166,158,146
151,143,128
154,147,131
162,155,142
165,156,143
175,167,154
178,169,157
187,179,168
118,132,107
125,139,115
90,125,94
75,123,88
53,105,66
52,104,64
52,104,64
54,104,64
53,104,64
55,105,64
55,105,64
56,105,64
56,105,64
59,106,65
91,129,94
97,133,99
173,173,157
170,171,154
166,158,146
151,143,128
154,147,131
163,155,142
165,156,143
176,167,154
178,169,157
188,179,168
122,130,120
125,132,122
106,141,146
95,142,150
131,167,178
82,134,143
81,132,141
87,137,145
88,136,146
74,128,138
74,128,138
74,128,138
74,128,138
77,128,135
85,138,150
82,133,141
76,132,144
75,128,136
83,136,146
86,135,142
87,137,147
89,137,145
90,138,147
93,138,146
93,139,148
99,142,150
99,143,153
104,145,153
104,145,155
114,150,159
112,151,162
155,176,176
154,176,177
143,167,171
142,169,176
135,164,172
147,172,179
124,155,159
121,152,159
181,192,191
141,166,174
143,167,174
135,162,167
136,162,167
133,162,172
133,162,171
119,152,161
120,152,161
114,148,156
93,129,89
94,129,89
94,129,89
94,129,89
94,129,90
94,129,90
94,129,89
94,129,90
94,129,89
94,129,90
94,129,89
94,129,90
94,129,90
95,129,90
94,129,90
95,129,90
94,128,90
95,128,90
94,128,90
94,128,90
94,128,90
94,128,90
94,128,90
94,128,90
94,128,90
94,127,90
94,127,90
94,127,90
94,127,90
94,127,90
94,127,90
95,127,90
94,127,90
95,127,90
94,126,90
95,127,90
95,126,90
95,126,90
94,126,90
95,126,90
94,126,90
94,126,90
94,126,89
94,127,90
94,127,90
123,108,124
123,108,124
123,107,124
123,107,124
123,107,124
123,107,124
123,107,124
123,107,124
123,107,124
123,107,124
123,107,124
123,107,124
123,107,124
123,107,124
123,107,124
123,107,124
123,107,124
123,107,124
123,107,124
123,107,124
123,107,125
123,107,125
123,107,125
123,107,125
123,107,125
123,107,125
123,107,125
123,107,125
123,107,125
123,107,125
123,107,125
123,107,125
123,107,125
123,107,125
123,107,125
123,108,125
123,108,125
123,108,125
123,108,125
123,108,125
123,108,125
198,193,181
197,192,180
197,192,180
197,192,180
197,191,180
197,191,180
197,191,180
196,191,179
196,191,179
196,191,179
197,191,179
197,191,179
197,191,179
197,191,180
193,187,176
189,183,173
186,179,170
182,175,167
178,171,163
173,167,159
169,162,156
164,158,152
160,154,148
155,149,144
150,144,140
146,140,137
141,135,133
137,130,130
131,125,125
125,120,120
120,114,116
116,110,113
111,105,109
107,101,106
102,96,102
97,91,97
93,87,93
89,83,91
85,79,87
81,75,84
77,71,81
72,66,77
69,63,74
65,59,71
61,55,68
61,55,67
61,55,67
70,62,74
81,70,81
82,71,82
92,79,88
92,79,88
93,79,88
93,79,88
93,78,88
93,78,88
92,78,87
92,78,87
91,78,87
91,78,87
91,78,87
91,78,87
91,77,87
91,77,87
91,77,87
91,77,87
91,77,87
91,77,87
91,77,87
91,77,87
91,77,87
91,77,87
91,77,87
91,77,87
91,77,87
91,77,87
91,77,87
91,77,87
108,93,102
108,93,102
108,93,102
108,93,102
107,91,101
107,91,101
106,90,101
106,90,101
106,90,101
108,93,102
108,93,102
108,93,102
113,95,105
113,95,105
113,95,105
113,95,105
113,95,105
113,95,105
113,94,105
113,94,105
113,94,105
113,95,105
113,95,105
113,95,104
112,95,104
112,95,104
114,95,105
114,95,105
114,95,105
116,98,107
116,98,107
116,98,107
111,92,102
111,92,102
111,92,102
115,96,105
115,96,105
111,93,104
111,93,104
57,59,70
57,60,70
57,60,70
57,60,70
57,59,70
57,59,70
57,59,70
57,60,70
57,60,70
57,60,70
57,60,70
57,60,70
57,60,70
57,60,70
57,60,70
57,60,70
57,60,70
57,60,70
57,60,70
57,60,70
57,60,70
57,60,70
57,60,70
57,60,70
57,60,70
57,60,70
57,60,70
57,60,70
57,60,70
57,60,70
57,59,69
57,59,69
57,59,69
57,59,69
57,59,69
57,59,69
57,59,69
57,59,69
57,59,69
57,59,69
57,59,69
57,59,69
57,59,69
57,59,69
57,59,69
57,59,69
57,59,69
57,59,69
57,59,69
57,59,69
57,59,69
57,59,69
57,59,69
57,59,69
57,59,69
57,59,69
57,59,69
57,59,69
57,59,69
57,59,69
57,59,69
57,59,69
57,59,69
57,59,69
57,59,69
57,59,69
57,59,69
57,59,69
57,59,69
56,58,68
56,58,68
57,59,69
56,59,69
56,59,69
56,59,69
56,59,69
56,59,69
56,59,69
56,59,69
56,59,69
56,59,69
57,59,69
57,59,69
57,59,69
57,59,69
57,59,69
57,59,69
57,59,69
57,59,69
57,59,68
57,59,68
57,58,68
57,58,68
57,58,67
57,58,67
59,59,67
59,59,67
58,58,66
58,58,66
58,58,66
58,59,66
61,61,66
61,64,67
65,67,70
67,70,72
70,73,73
71,73,74
76,76,76
76,77,77
77,75,76
79,77,80
79,77,80
86,84,86
90,89,91
90,89,91
83,90,90
107,126,113
119,142,129
121,142,126
118,139,124
113,139,123
114,138,123
105,127,113
119,140,125
120,135,121
115,129,116
119,136,121
123,139,126
109,128,114
110,134,119
111,135,119
102,125,110
110,133,117
113,137,122
113,132,121
127,144,132
129,142,128
124,134,120
131,144,131
121,134,121
115,131,117
123,143,129
113,134,120
109,129,117
114,136,122
114,135,122
111,130,119
111,129,116
116,128,114
113,123,111
117,126,115
119,130,119
111,126,113
123,140,128
125,142,128
121,136,124
122,141,128
115,134,121
112,132,118
119,134,119
126,136,122
120,129,117
114,123,111
117,124,113
113,126,115
115,133,120
113,130,116
111,126,114
120,139,125
129,146,133
127,139,127
131,143,129
128,134,121
118,124,112
126,130,120
126,133,122
116,129,117
121,139,126
118,133,120
116,130,119
117,133,120
114,131,119
109,123,115
115,128,116
126,130,118
119,121,111
126,129,119
132,135,125
125,131,121
129,140,129
121,134,120
117,128,116
120,133,121
125,136,126
116,126,118
124,135,123
129,131,119
128,128,118
128,129,119
127,129,119
114,121,112
81,120,138
80,119,134
80,116,129
78,113,125
77,111,121
75,110,119
69,109,118
74,108,120
73,106,121
73,106,120
72,105,118
72,105,118
71,107,117
71,108,116
73,108,117
73,107,118
75,108,121
76,110,124
71,110,127
77,112,133
78,112,136
79,114,140
80,114,143
82,115,146
79,116,146
79,116,146
82,116,146
82,115,145
82,115,144
81,114,143
75,114,146
79,112,142
77,109,133
76,108,132
76,107,133
75,105,133
73,106,135
73,108,137
74,105,133
73,104,132
72,102,130
70,101,130
65,100,135
66,100,135
65,98,132
64,97,132
64,97,132
63,97,132
60,99,137
61,100,137
62,98,132
59,95,128
58,93,123
58,91,119
53,91,122
56,89,112
55,87,106
55,87,103
56,87,101
57,88,100
55,89,105
54,90,102
56,88,98
24,73,69
27,76,79
31,79,90
34,84,101
38,88,111
42,94,122
47,99,132
51,104,141
55,107,146
61,111,152
65,115,158
69,117,163
72,120,169
75,122,174
78,126,180
80,129,186
82,131,190
84,133,194
85,134,197
86,135,199
85,134,198
86,134,198
86,135,198
85,134,196
85,134,196
85,134,196
85,134,195
85,134,195
85,134,194
85,136,197
85,136,196
85,137,196
86,138,197
86,139,196
86,139,196
116,86,77
117,88,83
120,96,89
122,96,90
112,94,87
116,102,91
120,96,86
133,102,95
135,105,99
134,105,99
136,110,102
134,109,100
130,103,94
124,99,91
121,105,93
119,103,92
118,104,93
115,102,92
122,95,86
128,95,90
128,97,92
125,93,88
129,97,91
128,99,92
122,94,82
122,93,87
119,94,87
116,92,85
109,95,85
110,97,86
118,91,81
47,147,90
47,147,90
47,147,90
47,147,90
47,147,90
47,147,90
47,147,90
47,147,90
47,146,90
47,147,90
47,147,90
47,147,90
47,147,90
47,147,90
46,147,90
46,147,90
46,147,90
46,147,90
46,147,90
46,147,90
46,147,90
46,147,90
46,147,89
46,147,89
46,147,89
46,147,89
46,147,89
46,147,89
46,147,89
46,147,89
46,147,89
46,147,89
46,147,90
46,146,89
47,146,90
47,145,90
47,146,90
48,146,90
49,148,92
49,148,92
48,146,90
49,147,91
49,148,92
50,148,92
51,149,93
55,152,96
52,150,94
51,148,91
50,146,90
53,149,94
52,151,94
53,150,94
56,151,95
54,150,93
63,152,96
62,152,98
73,149,96
72,147,94
104,141,96
106,142,98
157,140,110
158,140,111
193,158,135
193,157,134
197,165,145
200,173,154
200,175,159
91,112,128
91,112,128
91,112,128
91,112,128
91,112,128
91,112,128
91,112,128
91,112,128
91,112,128
91,112,128
91,112,128
91,112,127
91,112,128
91,112,128
91,112,128
91,112,128
91,113,128
91,113,128
91,113,128
91,112,128
91,112,128
91,112,128
91,112,127
91,112,127
91,112,127
91,112,127
91,112,127
91,112,127
91,112,127
91,112,127
91,112,127
91,112,127
91,112,127
91,112,127
91,112,127
91,112,127
91,112,127
91,112,127
91,112,127
91,112,126
91,112,126
91,112,126
110,97,97
110,97,96
110,97,96
110,97,96
110,97,96
110,97,96
110,97,96
110,97,96
110,97,96
110,97,96
110,97,96
110,97,96
110,96,96
110,96,96
110,96,96
110,96,96
110,96,96
109,96,96
109,96,96
109,96,96
109,96,96
110,97,96
110,97,96
110,97,96
109,96,96
109,96,96
109,96,96
109,96,96
109,96,96
109,95,96
109,95,96
109,95,96
109,95,96
109,95,96
109,95,96
109,95,96
109,95,96
109,95,96
109,95,96
109,95,96
109,95,96
135,154,115
134,154,115
140,150,115
139,148,115
119,140,100
116,138,98
114,136,95
122,132,95
131,140,108
127,138,107
112,128,97
122,126,101
123,128,105
121,121,99
113,116,93
106,116,92
104,114,92
90,113,91
92,117,96
78,117,95
66,109,86
88,110,90
101,123,105
84,124,102
74,115,94
77,119,94
82,122,99
93,132,115
93,132,116
104,116,120
105,121,127
107,164,144
118,171,152
110,164,146
113,166,148
108,170,148
98,164,142
121,180,167
93,162,142
91,160,144
95,160,149
93,162,156
96,163,162
96,163,166
84,156,159
84,157,160
83,156,159
83,157,160
87,159,165
86,159,166
83,157,164
81,156,165
82,156,166
83,160,169
84,160,171
85,159,171
82,159,171
81,158,170
86,160,171
84,157,166
81,156,165
83,158,169
82,158,169
80,155,167
79,154,168
79,155,171
76,154,172
75,153,171
176,178,137
176,178,137
182,185,144
182,185,144
182,184,142
182,184,142
177,171,133
177,171,133
125,80,68
99,54,51
99,54,51
99,62,57
99,62,57
11,11,18
123,96,104
245,245,245
245,245,245
122,78,73
123,79,75
121,81,75
120,78,72
119,79,72
115,78,71
115,80,71
114,79,70
114,79,70
112,78,69
110,78,70
110,78,70
104,74,68
104,73,68
109,77,72
109,77,72
115,85,80
115,85,80
126,86,80
126,86,80
100,101,108
103,103,110
96,92,105
97,92,105
98,92,105
101,93,106
99,91,100
99,94,107
104,92,109
98,89,101
105,91,110
105,91,110
100,91,105
101,92,105
97,98,109
98,98,109
98,98,108
96,97,107
118,93,108
113,91,103
118,93,107
126,95,109
111,85,99
92,95,101
96,97,105
97,97,105
92,132,118
94,133,118
94,133,118
95,134,118
95,134,118
95,134,118
166,177,172
157,169,163
130,144,133
143,157,146
160,167,162
156,167,160
140,148,143
149,156,151
168,172,168
157,162,157
175,179,176
185,188,186
131,142,136
128,138,132
123,134,127
124,135,128
132,141,134
131,138,132
145,151,147
144,149,146
133,141,136
132,140,135
123,133,127
122,132,125
49,83,64
57,93,69
57,94,70
56,103,76
58,107,79
55,95,73
55,95,73
41,46,42
39,44,40
98,66,59
97,65,58
105,67,62
107,69,64
114,63,68
114,63,68
99,51,56
97,50,55
97,50,54
130,65,91
129,63,88
179,76,113
179,77,113
166,74,103
167,78,107
143,92,100
126,71,78
148,88,93
119,64,70
118,63,69
129,83,67
132,87,70
182,48,136
187,52,141
199,62,152
197,62,157
202,105,174
195,101,166
182,48,139
190,126,173
188,128,172
186,46,140
186,60,146
185,58,141
186,66,146
185,63,145
178,34,123
172,33,130
180,39,129
94,114,203
94,120,209
71,106,205
72,113,210
78,118,209
76,117,209
96,136,210
97,139,211
91,140,206
94,148,212
125,163,200
126,161,199
136,145,136
136,143,134
117,122,117
117,121,116
119,121,127
123,124,127
140,138,132
141,139,132
138,136,129
138,136,129
164,131,129
164,130,129
164,131,129
156,123,103
157,123,106
162,129,111
199,185,185
198,186,183
196,145,155
198,158,159
191,149,156
192,188,180
188,181,180
185,177,181
190,188,178
196,171,172
198,175,171
204,158,162
200,146,152
199,145,151
183,173,165
185,173,167
186,181,169
188,184,170
182,177,181
46,45,45
46,45,45
103,102,103
208,207,208
208,207,208
138,138,138
138,138,138
192,191,192
78,76,77
1,0,0
1,0,0
145,105,117
146,106,118
131,109,119
132,105,116
124,111,120
129,120,131
128,115,126
123,118,127
123,118,127
127,109,120
140,103,117
142,104,117
132,104,113
138,104,116
144,109,124
143,108,121
140,115,127
145,114,128
136,107,119
135,108,118
124,107,115
116,111,118
119,106,114
117,111,118
121,100,112
127,103,115
123,109,120
126,111,120
124,109,117
126,112,119
131,99,111
131,100,112
125,103,114
122,110,122
118,104,116
123,103,114
118,98,108
123,95,105
124,102,115
128,101,111
128,101,112
135,98,112
138,98,114
135,103,116
134,103,115
141,105,117
141,110,124
131,106,117
131,105,117
134,102,114
137,108,121
145,112,127
136,107,121
128,109,119
123,105,113
133,101,114
129,99,111
131,105,116
131,99,111
129,98,109
133,100,111
131,99,110
128,89,103
119,91,99
106,82,88
106,83,90
120,86,96
111,91,98
111,89,96
116,89,98
113,88,97
105,86,93
109,88,95
121,92,101
125,94,105
97,79,86
95,80,89
79,72,78
79,74,79
93,70,79
84,64,72
84,71,77
90,78,82
71,61,67
99,83,90
98,68,75
101,68,79
174,181,176
156,161,159
212,213,213
144,148,147
144,148,147
159,161,162
164,165,166
160,160,162
168,168,169
175,178,176
187,188,188
192,194,193
191,193,192
188,193,191
172,176,174
174,179,175
175,178,175
180,184,181
181,187,184
185,190,187
227,228,228
224,224,225
165,170,167
180,185,181
173,178,175
170,174,171
170,175,172
183,186,183
175,178,176
180,182,181
183,184,182
192,192,191
198,199,197
206,206,203
207,207,204
212,211,209
217,216,214
236,234,235
206,204,202
206,204,203
197,195,195
193,192,192
196,195,193
201,199,197
192,190,190
191,189,188
203,201,200
210,210,209
204,204,203
204,202,200
190,187,186
179,179,179
186,186,186
193,192,192
228,228,227
199,207,216
178,187,200
183,190,199
165,174,187
169,177,186
161,169,181
173,179,186
169,174,183
170,175,182
184,186,190
192,195,197
202,201,200
206,206,205
203,203,200
203,203,201
197,197,193
199,199,195
194,194,190
193,193,189
192,192,190
190,191,187
192,192,190
193,195,191
189,191,187
191,192,187
192,194,190
184,185,181
183,185,181
179,181,177
179,181,177
177,178,173
179,179,175
182,183,178
184,185,181
188,188,184
193,194,190
201,201,197
201,200,197
206,206,203
203,203,199
200,201,197
194,195,191
196,197,192
191,192,187
186,187,181
186,187,184
181,182,177
141,162,173
137,159,173
134,154,167
133,153,166
127,150,163
128,150,163
129,150,163
129,150,164
127,148,161
129,150,164
132,151,164
135,153,166
147,164,172
139,157,165
135,155,163
123,148,163
124,148,163
121,145,160
119,144,158
122,146,161
126,149,163
129,152,166
133,155,168
138,159,173
141,160,172
141,161,174
140,159,172
135,156,170
132,153,166
131,152,166
128,151,165
126,149,163
125,148,162
124,148,162
128,149,163
130,152,166
125,148,162
126,148,163
132,154,167
131,150,163
129,148,161
128,148,161
124,147,162
124,147,161
123,145,160
123,146,160
125,148,162
125,148,163
131,155,169
159,158,164
147,146,152
145,144,150
161,161,167
166,166,172
210,209,213
190,189,196
189,189,195
170,169,174
159,158,162
157,156,161
151,150,156
153,152,157
153,153,159
146,145,151
154,153,159
160,159,165
157,156,162
161,160,166
170,169,175
176,176,182
167,165,170
157,156,161
161,160,166
146,145,151
144,142,148
166,166,172
158,157,163
209,207,211
187,186,192
187,186,192
166,164,169
171,169,174
164,163,167
158,156,161
148,146,151
154,153,158
134,133,139
138,136,142
146,144,150
143,141,147
160,158,164
161,160,165
166,165,171
160,158,162
157,154,159
162,159,164
167,165,170
163,161,166
140,138,145
166,165,171
159,158,164
208,206,209
207,205,209
185,184,190
190,189,195
169,167,173
166,164,170
162,161,165
157,155,161
156,155,161
152,151,157
136,134,140
141,139,145
138,137,142
141,140,145
154,153,158
160,159,165
164,163,169
153,151,156
157,155,160
164,163,168
168,166,172
152,150,156
145,143,149
169,133,150
164,134,149
166,144,156
163,135,150
174,131,150
179,139,158
181,130,151
170,127,148
166,128,146
162,129,149
166,128,147
144,133,148
145,128,144
150,130,148
152,139,154
167,128,147
163,144,160
157,140,157
151,143,158
158,127,142
166,126,143
169,128,145
169,123,140
172,128,146
171,127,145
168,132,153
170,139,155
162,129,148
164,131,147
162,125,143
163,128,145
164,130,150
149,139,153
169,145,161
162,138,155
166,145,165
162,125,142
155,121,140
166,124,143
159,149,162
161,146,161
159,137,154
174,138,155
166,127,147
168,127,147
169,135,155
168,128,148
163,133,153
160,131,150
156,136,154
157,142,157
156,145,162
147,142,158
143,140,156
153,124,140
150,125,142
171,124,142
163,128,145
166,128,145
170,136,154
168,133,152
166,133,149
174,133,151
167,130,147
169,129,144
170,122,141
170,120,139
165,127,146
179,129,149
177,128,150
165,135,151
165,131,149
169,134,152
166,129,147
169,129,147
161,135,151
157,140,156
156,142,157
154,142,156
167,135,151
170,138,154
165,127,146
173,133,148
170,121,140
164,124,141
165,134,154
153,125,142
152,128,144
145,132,148
141,134,147
151,125,141
146,128,143
179,130,147
175,129,147
176,136,156
167,140,157
160,125,140
151,126,143
159,134,150
156,136,152
152,131,148
159,147,161
156,146,158
165,128,145
165,124,142
165,125,145
165,119,139
161,122,141
145,130,136
143,125,131
149,131,137
150,131,138
133,143,147
116,135,138
137,132,139
146,131,138
166,150,156
162,146,152
164,146,154
163,145,151
168,152,159
172,154,162
156,137,145
147,129,137
169,147,156
161,139,149
146,129,139
140,124,132
145,128,134
126,134,139
118,140,142
135,134,138
139,122,129
140,121,128
143,123,131
144,127,134
141,121,127
145,130,136
147,128,135
149,128,135
152,132,142
151,130,141
162,144,154
186,172,182
181,165,174
149,125,135
131,141,146
117,140,144
137,132,138
146,125,132
142,121,128
141,119,124
145,127,134
144,128,135
142,124,130
146,128,132
150,135,141
150,132,137
151,133,140
113,89,106
140,128,147
161,159,172
134,111,129
147,123,146
131,113,137
121,100,121
114,93,114
121,100,122
116,97,119
115,91,111
117,98,119
95,75,93
122,103,121
136,116,137
108,90,110
124,106,128
118,100,122
100,87,108
85,95,112
110,94,114
105,85,105
123,103,124
144,130,146
182,174,188
160,145,163
125,104,125
102,81,99
130,112,132
119,99,121
112,93,112
113,91,113
110,81,103
111,81,99
139,113,134
119,101,122
91,98,114
103,95,115
118,98,118
114,95,116
110,87,110
114,95,116
94,73,90
124,105,123
134,116,138
108,92,113
127,109,132
123,104,127
110,87,108
117,98,120
118,99,121
109,87,108
113,104,128
110,75,85
114,96,105
168,152,163
123,89,102
121,93,108
106,87,101
97,76,89
95,74,88
106,80,94
93,72,85
104,84,99
95,75,87
95,73,85
91,71,83
91,71,79
85,61,69
98,76,86
95,74,84
106,86,103
90,72,83
104,75,88
89,68,80
98,78,85
115,94,104
153,145,157
143,131,144
100,76,88
104,83,96
111,92,103
103,84,102
95,68,78
92,68,80
91,58,70
95,62,74
98,70,81
92,68,78
104,74,89
99,76,87
100,74,82
88,68,77
103,86,103
88,68,76
92,72,83
88,70,80
87,69,78
76,56,64
75,59,70
56,43,49
56,41,49
40,29,36
29,22,26
16,12,14
218,143,59
218,143,59
218,143,59
218,143,59
218,143,59
218,143,59
218,143,59
218,143,59
218,143,59
218,143,59
218,143,60
218,143,60
218,143,59
218,143,60
218,143,60
218,143,59
218,143,60
218,143,60
218,143,59
218,143,59
218,143,60
218,143,59
218,143,59
218,143,60
218,143,60
218,143,60
218,144,60
218,144,61
218,144,62
218,144,62
218,145,63
219,145,64
219,146,64
219,146,64
219,146,65
219,147,76
220,154,92
221,155,95
221,155,95
221,156,95
221,156,96
221,156,97
221,156,97
221,157,97
221,157,98
221,157,98
221,157,99
221,158,99
221,158,99
221,158,99
221,158,99
221,158,99
221,158,99
221,158,99
221,158,99
221,158,99
221,158,99
221,158,100
221,158,100
221,158,100
221,158,101
221,159,102
221,159,102
221,159,102
221,159,103
221,159,103
221,159,103
221,159,103
221,159,102
221,159,102
221,158,101
221,158,101
221,158,100
221,158,100
221,158,99
221,158,99
221,158,100
221,158,100
221,158,101
221,159,102
222,159,103
222,159,103
222,159,103
221,159,102
221,158,101
221,158,100
221,158,100
221,158,100
221,158,99
221,158,99
221,158,99
221,158,99
221,158,99
221,158,99
221,158,99
221,158,99
221,158,99
221,158,99
221,158,99
221,158,99
221,158,99
221,158,99
221,158,99
221,158,99
221,158,99
221,158,99
221,158,99
221,158,99
221,158,99
221,158,99
221,158,99
221,158,99
221,158,99
221,158,99
221,158,99
221,158,99
221,158,99
221,158,99
221,158,99
221,158,99
221,158,99
221,158,99
221,158,99
221,158,99
221,158,99
221,158,99
221,158,99
221,158,99
221,158,99
221,158,99
221,158,99
221,158,99
221,158,99
221,158,99
221,158,99
221,158,99
221,158,99
221,158,99
221,158,99
221,158,99
221,158,99
221,158,99
221,158,99
221,158,99
221,158,99
221,158,99
221,158,99
221,158,99
221,158,99
221,158,99
221,158,99
221,158,99
221,158,99
221,158,100
221,158,100
221,158,100
221,158,101
222,159,102
222,159,102
222,159,102
222,159,103
222,159,103
222,159,103
222,159,103
222,159,102
222,159,102
221,158,101
221,158,101
221,158,100
221,158,100
221,158,99
221,158,99
221,158,100
221,158,101
221,158,101
222,159,102
222,159,103
222,159,103
222,159,103
222,159,102
221,158,101
221,158,101
221,158,100
221,158,100
221,158,99
221,158,99
221,158,99
221,158,99
221,158,99
221,158,99
221,158,99
221,158,99
221,158,99
221,158,99
221,158,99
221,158,99
221,158,99
221,158,99
221,158,99
221,158,99
221,158,99
221,158,99
221,158,99
221,158,99
221,158,99
221,158,99
221,158,99
221,158,99
221,158,99
221,158,99
221,158,99
221,158,99
221,158,99
221,158,99
221,158,99
221,158,99
221,158,99
221,158,99
221,158,99
221,158,99
221,158,99
221,158,99
221,158,99
221,158,99
221,158,99
221,158,99
221,158,99
221,158,99
221,158,99
221,158,99
221,158,99
221,158,99
221,158,99
221,158,99
221,158,99
221,158,99
221,158,99
221,158,99
221,158,99
221,158,99
